	ST	dinB	icdA	pabB	polB	putP	trpA	trpB	uidA
1011-L007-1-GX1-TIP14	Novel*	8	2	7	3	60	1	4*	23
102-1003-30-RX_S48_L001	43	9	1	15	7	4	9	6	9
1036-F005-120-RX-TIP14	43	9	1	15	7	4	9	6	9
10-K003-1-RX-TIP14	43	9	1	15	7	4	9	6	9
120-2004-0-RX	43	9	1	15	7	4	9	6	9
122-K004-1-RX1-TIP14_S54_L001	43	9	1	15	7	4	9	6	9
126-K005-1-RX-TIP14_S6_L001	8	23	9	8	12	9	11	7	13
1276-6005-0-G2ZX_S55_L001	43	9	1	15	7	4	9	6	9
1329-G009-1-RX-TIP14_S47_L001	43	9	1	15	7	4	9	6	9
1345-F018-1-RX-TIP14_S48_L001	43	9	1	15	7	4	9	6	9
1366-E035-1-RX1-TIP14_S49_L001	43	9	1	15	7	4	9	6	9
1375-4024-0-RX	43	9	1	15	7	4	9	6	9
1393-2008-60-RX	43	9	1	15	7	4	9	6	9
1400-B006-1-GX-TIP14_S50_L001	43	9	1	15	7	4	9	6	9
1453-L009-1-RX-TIP14	8	23	9	8	12	9	11	7	13
1488-G010-1-OX-TIP14	43	9	1	15	7	4	9	6	9
1493-I006-30-RX1-TIP14	43	9	1	15	7	4	9	6	9
1494-6006-14-RZX_S37_L001	43	9	1	15	7	4	9	6	9
1511-D024-1-RX-TIP14	43	9	1	15	7	4	9	6	9
1554-1034-0-R1X_S3_L001	43	9	1	15	7	4	9	6	9
1593-J010-1-RX-TIP14	43	9	1	15	7	4	9	6	9
1595-2022-14-R1ZX_S17_L001	43	9	1	15	7	4	9	6	9
1624-F023-1-RX-TIP14	477	17	9	28	12	9	135	9	11
1677-J011-1-OX-TIP14_S45_L001	ND	30	45	33	37	27	34	24	ND
1688-4031-0-GX_S11_L001	43	9	1	15	7	4	9	6	9
1705-A011-1-RX-TIP14_S46_L001	43	9	1	15	7	4	9	6	9
1724-2024-0-RX_S54_L001	43	9	1	15	7	4	9	6	9
1790-F030-1-RX-TIP14_S3_L001	43	9	1	15	7	4	9	6	9
1808-K013-1-GX-TIP14_S11_L001	3	3	8	5	11	8	3	5	3
1833-F029-1-RX1-TIP14	43	9	1	15	7	4	9	6	9
1843-E054-1-GX-TIP14_S27_L001	43	9	1	15	7	4	9	6	9
1847-E056-1-RX-TIP14_S53_L001	43	9	1	15	7	4	9	6	9
1855-J013-1-GX-TIP14	43	9	1	15	7	4	9	6	9
1859-4033-0-R2X_S55_L001	43	9	1	15	7	4	9	6	9
1890-F033-1-GX-TIP14_S55_L001	43	9	1	15	7	4	9	6	9
1915-2026-0-RX_S56_L001	43	9	1	15	7	4	9	6	9
1935-1038-0-RX_S1_L001	43*	9	1*	15	7	4	9	6*	9
1945-L010-1-OX-TIP14_S56_L001	43	9	1	15	7	4	9	6	9
1956-D027-90-GX1-TIP14_S4_L001	43	9	1	15	7	4	9	6	9
195-D001-1-RX-TIP14	43	9	1	15	7	4	9	6	9
197-H001-1-RX1-TIP14_S20_L001	43	9	1	15	7	4	9	6	9
1981-4037-0-RX_S8_L001	43	9	1	15	7	4	9	6	9
1-K001-1-RX-TIP14_S5_L001	2	8	2	7	3	7	1	4	2
2001-F036-1-OX1-TIP14	ND	30	45	33	37	27	34	24	ND
2072-K015-90-GX1-TIP14_S20_L001	43	9	1	15	7	4	9	6	9
2074-K016-1-GX1-TIP14_S28_L001	43	9	1	15	7	4	9	6	9
2082-E070-1-GX-TIP14	43	9	1	15	7	4	9	6	9
2188-5006-14-R1X_S15_L001	43	9	1	15	7	4	9	6	9
218-D003-1-RX-TIP_S20_L001	43	9	1	15	7	4	9	6	9
222-K008-30-GX-Ecoli-TIP_S27_L001	2	8	2	7	3	7	1	4	2
223-K008-30-RX-Ecoli-TIP_S34_L001	2	8	2	7	3	7	1	4	2
2264-1039-14-R1X_S22_L001	43	9	1	15	7	4	9	6	9
2271-2006-150-R2ZX	9	9	20	15	7	4	9	6	9
2485-4042-30-GX	43	9	1	15	7	4	9	6	9
24-A001-1-RX-TIP14_S26_L001	43*	9	1	15	7	4	9*	6	9
262-E001-1-GX2-TIP14	479	5	37	4	10	78	8	2	30
2633-6012-30-R1X_S43_L001	43	9	1	15	7	4	9	6	9
26-A002-1-GX1-TIP14_S33_L001	39	13	39	11	16	12	25	8	19
276-G005-1-FX-TIP14	43	9	1	15	7	4	9	6	9
288-3006-30-RXZ	43	9	1	15	7	4	9	6	9
2921-4045-14-R1X_S50_L001	43	9	1	15	7	4	9	6	9
2937-6017-0-R2X_S2_L001	43	9	1	15	7	4	9	6	9
2974-3047-0-R1X	2	8	2	7	3	7	1	4	2
2-K002-1-RX-TIP14_S12_L001	43	9	1	15	7	4	9	6	9
3023-2033-0-R2X	43	9	1	15	7	4	9	6	9
3027-F039-30-GX-TIP14_S33_L001	43*	9	1	15	7	4	9*	6	9
3038-F035-60-OX2-Ecoli-TIP	43*	9	1*	15	7	4	9	6	9*
3053-A013-14-OX-TIP14_S37_L001	ND	30	45	33	37	27	34	24	ND
3098-F035-90-OX1-Ecoli-TIP_S10_L001	43	9	1	15	7	4	9	6	9
3099-F035-90-OX2-Ecoli-TIP_S14_L001	43	9	1	15	7	4	9	6	9
311-J004-1-RX-TIP14_S41_L001	477	17	9	28	12	9	135	9	11
3171-F045-1-RX-TIP14_S41_L001	43	9	1	15	7	4	9	6	9
3191-F038-90-OX-TIP14	43	9	1	15	7	4	9	6	9
3201-H011-30-RX-TIP14	43	9	1	15	7	4	9	6	9
3212-E075-1-RX-TIP14	43	9	1	15	7	4	9	6	9
3226-D041-1-GX-TIP14	43	9	1	15	7	4	9	6	9
325-J002-1-RX-TIP14_S48_L001	3	3	8	5	11	8	3	5	3
327-F002-1-GX-TIP14	ND	30	45	33	37	27	34	24	ND
3281-2025-90-RZX	43	9	1	15	7	4	9	6	9
3283-2036-0-GX_S30_L001	43	9	1	15	7	4	9	6	9
331-F008-1-RX1-TIP14_S7_L001	43	9	1	15	7	4	9	6	9
3328-L012-60-RX-TIP14	43	9	1	15	7	4	9	6	9
3330-J017-1-RX1-TIP14_S34_L001	43*	9	1	15	7	4*	9	6	9
3361-F048-60-RX-TIP14_S38_L001	ND	30	45	33	37	27	34	24	ND
3364-E077-30-RX-TIP14_S42_L001	43	9	1	15	7	4	9	6	9
3373-F050-14-RX1-TIP14_S6_L001	9	9	20	15	7	4	9	6	9
3394-3045-30-RX	43*	9	1*	15	7	4	9	6	9
3394-E090-1-GX-TIP14	43	9	1	15	7	4	9	6	9
3412-E091-1-RX-TIP14	43	9	1	15	7	4	9	6	9
3425-5015-0-R2X_S44_L001	43	9	1	15	7	4	9	6	9
3433-A016-1-RX-TIP14	43	9	1	15	7	4	9	6	9
3434-D046-1-RX1-TIP14	43	9	1	15	7	4	9	6	9
3446-E095-1-RX-TIP14	43	9	1	15	7	4	9	6	9
349-3010-0-O2X	44	17	9	28	12	9	13	9	11
3500-B011-0-OX-TIP14_S39_L001	43	9	1	15	7	4	9	6	9
3501-E104-0-FX1-TIP14_S43_L001	43	9	1	15	7	4	9	6	9
3526-L014-1-GX-TIP14	43	9	1	15	7	4	9	6	9
3568-J021-14-GX-TIP14	43	9	1	15	7	4	9	6	9
3582-3050-30-RX_S51_L001	43	9	1	15	7	4	9	6	9
3590-F060-1-GX-TIP14	43	9	1	15	7	4	9	6	9
3628-F034-360-RX-TIP14	ND	30	45	33	37	27	34	24	ND
3630-H016-1-RX-TIP14	Novel*	9	1	15	7	180*	9	6	138*
3667-5016-14-R1X_S3_L001	3	3	8	5	11	8	3	5	3
3667-E109-14-R-TIPmvre_S59_L001	ND	ND	ND	ND	ND	ND	ND	ND	ND
3673-E110-1-RX-TIP14	43	9	1	15	7	4	9	6	9
3697-H017-1-WX-TIP14	43	9	1	15	7	4	9	6	9
3708-C017-30-RX-TIP14	43	9	1	15	7	4	9	6	9
3718-I013-60-RX-TIP14	3	3	8	5	11	8	3	5	3
3738-F064-1-RX-TIP14	43	9	1	15	7	4	9	6	9
3739-G014-14-RX-Ecoli-TIP_S27_L001	43	9	1	15	7	4	9	6	9
3740-H018-30-RX-Ecoli-TIP_S31_L001	741	8	262	7	3	7	1	4	2
3755-K017-60-RX-TIP14	43	9	1	15	7	4	9	6	9
3844-C019-1-RX-TIP14	43*	9	1*	15	7	4	9	6	9
3872-L020-1-G-TIPmvre_S35_L001	ND	ND	ND	ND	ND	ND	ND	ND	ND
3878-L020-1-RX-TIP14	43	9	1	15	7	4	9	6	9
3911-E113-14-RX1-TIP14	43	9	1	15	7	4	9	6	9
3928-H019-14-RX-TIP14	ND	30	45	33	37	27	34	24	ND
3940-B014-14-RX-TIP14	8	23	9	8	12	9	11	7	13
3947-B015-1-RX-TIP14	8	23	9	8	12	9	11	7	13
3952-G015-14-RX1-TIP14	43*	9	1*	15	7	4	9	6	9
3956-F065-30-RX-TIP_S4_L001	43	9	1	15	7	4	9	6	9
3965-E116-1-OX-TIP14	43	9	1	15	7	4	9	6	9
3972-F066-30-RX1-TIP14	44	17	9	28	12	9	13	9	11
3976-F068-14-RX-Ecoli-TIP	43	9	1	15	7	4	9	6	9
3978-F070-1-FX1-TIP14	44	17	9	28	12	9	13	9	11
4008-I014-30-RX-TIP_S16_L001	43	9	1	15	7	4	9	6	9
4045-J031-30-RX-TIP14	43	9	1	15	7	4	9	6	9
4049-F067-90-RX1-TIP14	43	9	1	15	7	4	9	6	9
4075-6031-0-RX_S10_L001	43	9	1	15	7	4	9	6	9
417-1015-0-R1X	43	9	1	15	7	4	9	6	9
4224-6029-30-G1ZX_S17_L001	43	9	1	15	7	4	9	6	9
431-F003-14-RX-TIP14_S14_L001	ND	30	45	33	37	27	34	24	ND
442-K008-60-RX-Ecoli-TIP_S41_L001	ND	30	45	33	37	27	34	24	ND
4431-3070-0-RX	43	9	1	15	7	4	9	6	9
4492-6037-0-R1X_S31_L001	43	9	1	15	7	4	9	6	9
463-F010-1-RX-TIP14	43	9	1	15	7	4	9	6	9
466-F011-1-GX1-Ecoli-TIP	ND	9	1	15	ND	ND	9	ND	9
4676-4075-0-R1X_S38_L001	43	9	1	15	7	4	9	6	9
4789-3083-0-GX_S45_L001	43*	9	1	15	7	4	9	6*	9
485-I003-14-GX1-TIP14_S28_L001	43	9	1	15	7	4	9	6	9
496-I005-1-RX1-TIP14_S35_L001	43	9	1	15	7	4	9	6	9
519-F001-30-RX1-Ecoli-TIP_S14_L001	43	9	1	15	7	4	9	6	9
5287-3089-0-RX_S52_L001	43	9	1	15	7	4	9	6	9
529-L001-60-GX1-TIP_S21_L001	43	9	1	15	7	4	9	6	9
52-K006-1-RX-TIP_S13_L001	2	8	2	7	3	7	1	4	2
5368-6041-14-GX_S4_L001	ND	30	45	33	37	27	34	24	ND
537-E012-14-RX-TIP14_S42_L001	43	9	1	15	7	4	9	6	9
544-G007-1-RX-TIP14_S49_L001	43	9	1	15	7	4	9	6	9
5569-1085-0-R1X_S11_L001	Novel*	58*	28	3	17	16	1	4	4
560-F011-14-RX-Ecoli-TIP_S28_L001	43	9	1	15	7	4	9	6	9
562-F012-14-GX1-Ecoli-TIP_S35_L001	43	9	1	15	7	4	9	6	9
564-1018-0-RX_S13_L001	ND	30	45	33	37	27	34	24	ND
574-I004-14-GX-TIP14_S8_L001	ND	9	1	15	ND	ND	9*	6	138*
5763-2059-0-R1X	43	9	1	15	7	4	9	6	9
5813-1083-30-R-2x	43*	9	1	15*	7*	4	9	6*	9
5996-6048-14-R1X	Novel*	9	134	15	134	4	72*	1	9
6150-3100-0-R1ZX	ND	ND	1*	15	7	ND	9	71*	9
6198-1093-0-Rx	ND	30	45	33	37	27	122*	24	ND
619-G008-1-RX-TIP14_S57_L001	8	23	9	8	12	9	11	7	13
6333-4100-0-O1X_S53_L001	471*	6	6	4	2	154	7	2	4*
651-2013-0-RZX	43	9	1	15	7	4	9	6	9
651-F012-30-FX-Ecoli-TIP_S42_L001	43	9	1	15	7	4	9	6	9
6520-1097-0-R3X	43	9	1	15	7	4	9	6	9
6525-4073-90-RZX_S25_L001	9	9	20	15	7	4	9	6	9
6628-3102-14-R	9	9	20	15	7	4	9	6	9
6678-5035-14-RX	2	8	2	7	3	7	1	4	2
6767-6057-0-RX_S39_L001	Novel	9	134	15	134	4	72	1	9
6825-4106-0-OZX	ND	30	45	33	37	27	34	24	ND
686-L003-30-RX-TIP14_S58_L001	3	3	8	5	11	8	3	5	3
6878-2060-30-R4X	43	9	1	15	7	4	9	6	9
705-E020-1-RX-TIP14	ND	17	9	28	12*	9	ND	9	11
7117-6044-90-RX	43	9	1	15	7	4	9	6	9
7187-3114-0-R1X_S5_L001	43	9	1	15	7	4	9	6	9
720-F001-60-RX-Ecoli-TIP_S56_L001	43	9	1	15	7	4	9	6	9
721-F001-60-WX1-Ecoli-TIP_S1_L001	43	9	1	15	7	4	9	6	9
7465-3111-14-RX	43	9	1	15	7	4	9	6	9
7488-3121-0-R1_S19_L001	43	9	1	15	7	4	9	6	9
754-4011-14-RX_S47_L001	43	9	1	15	7	4	9	6	9
7546-6060-14-RZX_S26_L001	43	9	1	15	7	4	9	6	9
75-G001-1-R-E-coli-CIP-R_S6_L001	ND	ND	ND	ND	ND	ND	ND	ND	ND
765-H006-1-RX-TIP14_S60_L001	43	9	1	15	7	4	9	6	9
7748-5042-0-H1X_S33_L001	43	9	1	15	7	4	9	6	9
775-F009-60-GX1-TIP14	Novel*	23	70*	8	12	9	11	7	13
7948-4120-0-R1X_S40_L001	43*	9	1	15	7	4*	9	6	9
8081-3132-0-O2ZX_S47_L001	43	9	1	15	7	4	9	6	9
8-1002-0-R1X_S47_L001	43	9	1	15	7	4	9	6	9
8162-3137-0-R1ZX_S54_L001	43	9	1	15	7	4	9	6	9
8173-4125-0-RX_S58_L001	43	9	1	15	7	4	9	6	9
81-G004-1-GX1_S5_L001	43	9	1	15	7	4	9	6	9
829-F012-60-GX1-Ecoli-TIP_S9_L001	43	9	1	15	7	4	9	6	9
833-4013-14-OX_S48_L001	43	9	1	15	7	4	9	6	9
839-1022-0-RX_S49_L001	479	5	37	4	10	78	8	2	30
8432-4124-14-GZX_S59_L001	ND	30	45	33	37	27	34	24	ND
880-3023-0-R1X_S56_L001	43	9	1	15	7	4	9	6	9
903-F007-90-RX1-TIP14	43	9	1	15	7	4	9	6	9
907-D004-14-RX1-TIP14	3	3	8	5	11	8	3	5	3
918-L006-1-RX1-TIP14	43	9	1	15	7	4	9	6	9
930-A010-14-RX-TIP14	8	23	9	8	12	9	11	7	13
935-D008-1-RX-TIP14	43	9	1	15	7	4	9	6	9
972-3021-14-RX_S54_L001	43	9	1	15	7	4	9	6	9
