	ST      atpA    ddl     gdh     purK    gyd     pstS    adk
1016-2017-0-RVRE_S26_L001	18	7	1	1	1	5	1	1
1028-E026-1-R-TIPmvre_S13_L001	412	15	1	1	44	1	20	1
1047-4017-14-GVRE_S27_L001	18	7	1	1	1	5	1	1
1053-6004-0-R1VRE	412	15	1	1	44	1	20	1
1090-E022-60-R-TIPmvre_S27_L001	18	7	1	1	1	5	1	1
1096-1026-0-RVRE_S60_L001	412	15	1	1	44	1	20	1
1137-4020-14-RVRE_S6_L001	412	15	1	1	44	1	20	1
1278-1019-30-RVRE_S30_L001	412	15	1	1	44	1	20	1
1321-3028-0-RVRE_S31_L001	17	1	1	1	1	1	1	1
1334-2020-0-R1VRE_S60_L001	1471	1	1	1	1	1	130	1
1341-E033-1-R-TIPmvre_S48_L001	18	7	1	1	1	5	1	1
1352-E036-1-G-TIPmvre_S54_L001	18	7	1	1	1	5	1	1
1420-2021-0-RVRE_S33_L001	584	1	1	1	44	1	1	1
1455-4025-0-RVRE_S34_L001	412	15	1	1	44	1	20	1
1463-1033-0-HVRE_S35_L001	412	15	1	1	44	1	20	1
1488-4026-0-HVRE_S56_L001	584	1	1	1	44	1	1	1
1537-1034-0-RVRE_S29_L001	18	7	1	1	1	5	1	1
1543-4028-0-GVRE_S30_L001	412	15	1	1	44	1	20	1
1638-6008-0-RVRE_S36_L001	412	15	1	1	44	1	20	1
1644-3031-14-RVRE_S38_L001	412	15	1	1	44	1	20	1
1676-4031-0-GVRE_S39_L001	736	1	3	1	44	1	1	1
1684-G009-90-U-VRE-TIP_S21_L001	ND	69	ND	ND	ND	38	ND	ND
1781-3033-30-RVRE_S41_L001	1516	7	1	1	44	5	20	1
1889-3036-0-OVRE_S8_L001	17	1	1	1	1	1	1	1
1896-4034-0-HVRE_S34_L001	18	7	1	1	1	5	1	1
18-K004-1-R-TIPmvre_S4_L001	ND	ND	ND	ND	ND	33	ND	ND
1929-4036-0-GVRE_S35_L001	584	1	1	1	44	1	1	1
2026-4040-0-RVRE_S46_L001	Novel*	15	52*	1	44	1	20	1
217-2001-30-HVRE_S7_L001	412	15	1	1	44	1	20	1
219-2005-0-RVRE_S57_L001	412	15	1	1	44	1	20	1
2243-3041-14-RVRE_S48_L001	1471	1	1	1	1	1	130	1
2308-2029-0-RVRE_S49_L001	584	1	1	1	44	1	1	1
236-4004-0-RVRE_S3_L001	412	15	1	1	44	1	20	1
2386-6013-0-R1VRE_S39_L001	736	1	3	1	44	1	1	1
2394-5005-30-G1VRE_S28_L001	ND	ND	ND	ND	ND	33	ND	ND
2471-4044-0-GVRE_S10_L001	412	15	1	1	44	1	20	1
2492-6012-14-GVRE_S50_L001	412	15	1	1	44	1	20	1
2886-5012-0-RVRE_S56_L001	1471	1	1	1	1	1	130	1
2963-2031-14-RVRE_S59_L001	412	15	1	1	44	1	20	1
2964-2033-0-RVRE_S1_L001	ND	ND	ND	ND	ND	33	ND	ND
3070-L011-1-G-TIPmvre_S58_L001	412	15	1	1	44	1	20	1
3082-3051-0-RVRE_S57_L001	80	9	1	1	1	12	1	1
3226-4049-14-RVRE_S13_L001	17	1	1	1	1	1	1	1
3233-1045-60-H1VRE_S49_L001	736	1	3	1	44	1	1	1
3249-1057-0-RVRE_S1_L001	ND	ND	ND	ND	ND	33	ND	ND
3320-D044-1-R-TIPmvre_S42_L001	17	1	1	1	1	1	1	1
3362-E077-30-R-TIPmvre_S22_L001	18	7	1	1	1	5	1	1
3362-E077-30-R-TIPmvre_S47_L001	18	7	1	1	1	5	1	1
3363-A015-14-R-TIPmvre_S29_L001	18	7	1	1	1	5	1	1
3363-A015-14-R-TIPmvre_S50_L001	18	7	1	1	1	5	1	1
3399-4058-0-RVRE_S3_L001	17	1	1	1	1	1	1	1
344-1009-0-HVRE_S10_L001	17	1	1	1	1	1	1	1
3667-E109-14-R-TIPmvre_S24_L001	1516	7	1	1	44	5	20	1
3672-K017-1-G-TIPmvre_S45_L001	1516	7	1	1	44	5	20	1
3673-4064-0-HVRE_S16_L001	203	15	1	1	1	1	20	1
3686-C018-1-R-TIPmvre_S52_L001	412	15	1	1	44	1	20	1
3717-G013-14-O-TIPmvre_S11_L001	80	9	1	1	1	12	1	1
3743-D050-1-G-TIPmvre_S32_L001	17	1	1	1	1	1	1	1
3744-F061-90-G-TIPmvre_S39_L001	Novel	15	42	1	44	1	20	1
3884-J030-1-G-TIPmvre	412	15	1	1	44	1	20	1
3890-6028-0-RVRE_S18_L001	1516*	7*	1	1	44	5	20	1
3994-6029-0-GVRE_S10_L001	736	1	3	1	44	1	1	1
4007-5020-0-RVRE_S11_L001	412	15	1	1	44	1	20	1
4009-E118-14-R-TIPmvre_S57_L001	17	1	1	1	1	1	1	1
4030-H021-30-R-TIPmvre_S36_L001	18	7	1	1	1	5	1	1
4031-J032-1-G-TIPmvre	412	15	1	1	44	1	20	1
409-1015-0-RVRE_S9_L001	412	15	1	1	44	1	20	1
4133-3066-0-RVRE_S14_L001	18	7	1	1	1	5	1	1
4143-2042-0-RVRE_S45_L001	80	9	1	1	1	12	1	1
4145-6030-14-RVRE_S21_L001	17	1	1	1	1	1	1	1
4280-2041-14-HVRE_S23_L001	736	1	3	1	44	1	1	1
4313-6035-0-GVRE_S15_L001	412	15	1	1	44	1	20	1
4362-6036-0-RVRE_S16_L001	412	15	1	1	44	1	20	1
4384-3073-0-RVRE_S17_L001	584	1	1	1	44	1	1	1
442-1011-14-RVRE_S10_L001	17	1	1	1	1	1	1	1
4462-6037-0-RVRE_S18_L001	412	15	1	1	44	1	20	1
4544-5027-0-RVRE_S20_L001	17	1	1	1	1	1	1	1
4593-3077-0-RVRE_S21_L001	736	1	3	1	44	1	1	1
4639-1079-0-RVRE_S4_L001	412	15	1	1	44	1	20	1
4693-4077-0-HVRE_S26_L001	412	15	1	1	44	1	20	1
4703-4078-0-R1VRE_S27_L001	736	1	3	1	44	1	1	1
4784-3082-0-RVRE_S52_L001	412	15	1	1	44	1	20	1
4786-5025-14-HVRE_S23_L001	17	1	1	1	1	1	1	1
4794-5029-0-RVRE_S24_L001	412	15	1	1	44	1	20	1
483-2008-0-RVRE_S11_L001	736	1	3	1	44	1	1	1
4832-1081-0-GVRE_S25_L001	412	15	1	1	44	1	20	1
4902-4076-14-RVRE_S27_L001	736*	1	3	1	44	1	1	1*
4922-2049-0-RVRE_S11_L001	412	15	1	1	44	1	20	1
4948-4081-0-RVRE_S31_L001	584	1	1	1	44	1	1	1
4999-3085-0-HVRE_S32_L001	80	9	1	1	1	12	1	1
5006-5030-0-RVRE_S33_L001	736	1	3	1	44	1	1	1
5080-2051-0-HVRE_S29_L001	412	15	1	1	44	1	20	1
5088-6043-0-HVRE_S31_L001	80	9	1	1	1	12	1	1
5214-4087-0-HVRE_S33_L001	736	1	3	1	44	1	1	1
5232-4088-0-RVRE_S34_L001	412	15	1	1	44	1	20	1
5261-4089-0-RVRE_S18_L001	17	1	1	1	1	1	1	1
5284-6044-0-RVRE_S37_L001	736	1	3	1	44	1	1	1
5285-6045-0-RVRE_S38_L001	17	1	1	1	1	1	1	1
5348-3091-0-RVRE_S54_L001	584	1	1	1	44	1	1	1
5363-2050-14-RVRE_S36_L001	412	15	1	1	44	1	20	1
539-1018-0-RVRE_S14_L001	18	7	1	1	1	5	1	1
546-4011-0-RVRE_S58_L001	ND	ND	ND	ND	ND	33	ND	ND
546-I005-14-R-TIPmvre_S26_L001	18	7	1	1	1	5	1	1
5489-2056-0-HVRE_S37_L001	18	7	1	1	1	5	1	1
5533-3092-0-HVRE_S39_L001	736	1	3	1	44	1	1	1
5541-1082-30-RVRE_S40_L001	412	15	1	1	44	1	20	1
5827-6047-14-RVRE_S32_L001	412	15	1	1	44	1	20	1
5855-2060-0-RVRE_S41_L001	18	7	1	1	1	5	1	1
5856-4095-0-GVRE_S42_L001	412	15	1	1	44	1	20	1
5902-1089-0-RVRE_S43_L001	18	7	1	1	1	5	1	1
5924-3095-14-RVRE	736	1	3	1	44	1	1	1
5925-3097-0-HVRE_S43_L001	736	1	3	1	44	1	1	1
5948-6048-14-RVRE_S44_L001	18	7	1	1	1	5	1	1
5954-3098-0-R1VRE_S45_L001	584	1	1	1	44	1	1	1
6077-4098-0-GVRE_S48_L001	412	15	1	1	44	1	20	1
609-6002-30-RVRE_S14_L001	412	15	1	1	44	1	20	1
6129-1092-0-HVRE_S49_L001	664	1	2	1	44	1	1	1
615-3018-0-HVRE_S15_L001	736	1	3	1	44	1	1	1
621-2007-14-RVRE_S16_L001	736	1	3	1	44	1	1	1
6242-5037-0-RVRE_S47_L001	412	15	1	1	44	1	20	1
629-2013-0-RVRE_S15_L001	18	7	1	1	1	5	1	1
6304-2065-0-RVRE_S60_L001	584	1	1	1	44	1	1	1
635-C003-1-G-TIPmvre	18	7	1	1	1	5	1	1
6369-3102-0-HVRE_S50_L001	ND	ND	ND	ND	ND	33	ND	ND
6429-1096-0-RVRE_S51_L001	17	1	1	1	1	1	1	1
6430-1097-0-RVRE_S52_L001	18	7	1	1	1	5	1	1
6435-4099-14-GVRE_S39_L001	584	1	1	1	44	1	1	1
6560-5035-14-RVRE_S21_L001	ND	ND	ND	ND	ND	33	ND	ND
6648-4103-0-HVRE_S54_L001	736	1	3	1	44	1	1	1
6651-2067-0-RVRE_S55_L001	584	1	1	1	44	1	1	1
6652-3103-14-RVRE_S56_L001	17	1	1	1	1	1	1	1
6697-4104-0-GVRE_S58_L001	412	15	1	1	44	1	20	1
6748-6057-0-HVRE_S1_L001	1471	1	1	1	1	1	130	1
6950-4109-0-RVRE_S31_L001	584	1	1	1	44	1	1	1
697-3019-0-RVRE_S17_L001	412	15	1	1	44	1	20	1
6988-1099-0-RVRE_S32_L001	80	9	1	1	1	12	1	1
702-3020-0-RVRE_S18_L001	412*	15*	1	1	44	1	20	1
702-3020-0-RVRE_S23_L001	412	15	1	1	44	1	20	1
7053-4107-14-RVRE_S53_L001	584	1	1	1	44	1	1	1
711-4015-0-RVRE	412	15	1	1	44	1	20	1
7151-3115-0-RVRE_S59_L001	18	7	1	1	1	5	1	1
7258-3113-14-RVRE_S8_L001	18	7	1	1	1	5	1	1
729-4016-0-HVRE_S21_L001	736	1	3	1	44	1	1	1
738-E023-1-R-TIPmvre_S53_L001	18	7	1	1	1	5	1	1
7413-3121-0-RVRE_S37_L001	412	15	1	1	44	1	20	1
7583-5041-0-HVRE_S10_L001	736	1	3	1	44	1	1	1
7600-3125-0-GVRE_S38_L001	203	15	1	1	1	1	20	1
7891-2076-0-OVRE_S57_L001	412	15	1	1	44	1	20	1
793-A001-120-G-TIPmvre_S32_L001	18	7	1	1	1	5	1	1
80-2003-0-RVRE_S4_L001	412	15	1	1	44	1	20	1
8052-3132-0-HVRE_S60_L001	584	1	1	1	44	1	1	1
8088-3137-0-RVRE_S60_L001	412	15	1	1	44	1	20	1
8232-2079-0-HVRE_S15_L001	17	1	1	1	1	1	1	1
824-4018-0-RVRE_S59_L001	18	7	1	1	1	5	1	1
8303-3140-0-H1VRE_S16_L001	736	1	3	1	44	1	1	1
8512-3145-0-RVRE_S17_L001	412	15	1	1	44	1	20	1
8513-3147-0-RVRE_S45_L001	412	15	1	1	44	1	20	1
851-5002-0-RVRE_S19_L001	412	15	1	1	44	1	20	1
898-4011-30-GVRE_S30_L001	412	15	1	1	44	1	20	1
899-D004-14-G-TIPmvre	17	1	1	1	1	1	1	1
9019-3156-0-RVRE_S56_L001	584	1	1	1	44	1	1	1
905-4021-0-RVRE_S37_L001	736	1	3	1	44	1	1	1
949-3025-0-RVRE_S22_L001	412	15	1	1	44	1	20	1
